60.67
23.75
14.5
15.71
20.76
26.28
54

41.56
21.55
29.77
30.49
39.58
46.13
59.81

42.96
30.91
46.11
59.83

33.04
15.3
25.51
54.06

45.4
21.09
14.23
14.1
14.1
15.6
48.84

49.42
13.89
29.38
28.32
28.44
31.86
78.93

30.27
27.33
30.71
78.81

42.43
13.06
14.45
47.8

267.69
102.93
82.26
88.05
120.15
143.4
250.17

237.35
84.87
123.3
124.16
131.6
157.47
375.24

240.89
122.22
156.67
374.56

193.95
85.19
143.55
241.47

23.67
16.28
13.21
15.09
21.55
26.28
42.46

24.46
17.31
30.38
31.25
40.73
46.2
59.09

21.39
31.65
46.56
59.67

17.34
14.54
25.95
42.37

62.61
40.53
32.23
37.3
50.02
52.29
81.7

63
38.61
67.33
67.71
76.2
100.58
210.08

50.83
67.28
100.75
206.98

47.79
35.23
49.72
77.75

117.89
69.47
59.27
67.82
75.18
87.85
116.27

114.12
64.53
106.83
108.93
117.76
142.85
348.84

112.27
107.48
143.02
346.92

92.15
64.78
84.39
111.77

10.99
9.52
8.68
10.12
13.04
13.93
20.13

13.67
11.4
19.5
19.88
22.39
28.16
34.95

12.62
20.27
28.78
34.89

9.82
9.9
13.84
20.13

34.52
31.26
26.03
28.32
30.05
33.59
39.41

40.7
30.16
58.85
60.27
66.86
83.77
185.96

32.88
59.97
83.81
184.5

33.53
27.76
30.78
38.72

63.54
62.01
52.74
54.43
55.34
57.52
64.17

83.74
53.38
105.86
108.12
118.09
141.22
348.39

62.93
107.74
141.15
346.61

71.62
53.49
56.28
63.18

